49.9
46.7
104727.58
324.3
1643.2
3258.1
4519.0
5983.9
9815.0
11078.2
0.001151
0.000961
1.0e10
0.000883
1.0e10
0.00073
100.11
100.13
100.02
99.25
84.48
100.04
295.1
282.3
272.1
249.6
293.85
284.88
270.72
246.2
319.6
310.3
299.93
5548.48
1998.13
34.55
671.72
73.52
24056.32
20000.0
20000.1
1.0
1.0
1.0
1.0
22.7
25.7
42.7
38.8
44.1
55.3
79.2
88.6
1496.5
5979.9
1719.1
46.25
2.1474836e7
100.0
100.0
100.0
100.0
100.0
100.0
100.0
100.0
100.0
100.0
100.0
100.0
100.0
100.0
100.0
100.0
100.0
100.0
100.0
100.0
100.0
100.0
100.0
100.0
100.0
100.0
100.0
100.0
100.0
100.0
100.0
100.0
100.0
100.0
100.0
100.0
100.0
100.0
100.0
100.0
65.38
100.0
100.0
100.0
96.15
61.54
100.0
88.46
96.15
76.92
1.0e10
100.0
100.0
100.0
100.0
100.0
100.0
100.0
76.92
100.0
100.0
73.08
100.0
96.15
76.92
100.0
96.15
73.08
100.0
100.0
84.62
100.0
100.0
76.92
100.0
100.0
88.46
100.0
100.0
84.62
100.0
100.0
100.0
92.3
100.0
100.0
88.5
11.5
100.0
100.0
100.0
100.0
100.0
100.0
100.0
100.0
27.826794
18.299597
27.310482
18.057543
26.304646
22.290138
29.12946
19.547306
28.624681
19.321255
27.10939
21.253336
27.898441
12.005507
27.429434
11.603305
25.653233
10.935882
12.871954
15.666438
12.307875
14.265945
14.221536
12.0877495
22.775791
7.0484734
21.596813
6.555464
20.465288
15.046643
22.775791
7.0484734
21.596813
6.555464
20.465288
15.046643
61.137913
45.96548
60.01011
45.22585
57.438637
44.04921
70.308075
52.822723
67.89312
52.47966
65.454346
50.90428
37.57778
28.854446
10.74
34.233337
38.86667
15.499094
1014.22656
1565.4531
829.02344
80.7
132.24646
68.522224
59.536743
133.32202
70.29004
58.277832
126.92212
66.03369
55.96289
119.1001
61.842285
56.584473
109.73389
57.45703
103.23047
155.4375
43.76367
101.78516
165.6377
36.060547
0.00028531114
0.0008010777
0.00058656663
0.00026107693
0.0006524111
0.00046764436
1.0e10
1.0e10
1.0e10
0.0002551111
0.00059979997
0.00040777784
1.0e10
1.0e10
1.0e10
0.0003826923
0.0004921889
0.00042646154
74.315384
83.9077
48.72692
81.31923
80.81769
56.622726
77.20769
79.99461
53.1254
80.83727
80.6394
68.028755
62.801815
60.858467
50.22999
82.44308
83.83453
55.290833
7.7081604
8.630768
3.8000488
6.799988
9.568634
3.366455
7.923065
10.630768
3.504486
6.6615143
6.338455
1.9923706
28.843597
34.94229
20.333069
34.84381
38.31459
27.291885
36.473877
39.39998
29.695526
34.07364
31.528442
19.530716
25.453857
26.084625
18.969238
12.092285
10.8307495
8.8385315
27.694489
23.306915
18.184174
3087.7537
2988.5293
2047.5645
1384.4124
1286.8708
491.36304
17.02769
22.983706
13.929234
470.20923
392.6046
413.30273
23.51077
30.69811
12.2169285
21862.7
23481.309
22516.27
19381.691
18692.924
18671.541
19432.059
18395.291
17933.135
1.0
1.0
1.5555555
0.61538464
0.6923077
0.7692308
0.6923077
0.6923077
0.61538464
1.0
1.0
1.1538461
11.392306
12.744443
8.711112
16.915384
16.292307
10.144444
14.67889
20.26154
12.546154
19.1
16.938457
12.592308
19.723076
18.384613
10.066664
27.278324
25.961538
11.753849
31.815382
38.961536
22.007683
29.477776
36.43846
16.961548
56.76941
56.707397
30.40918
95.00781
122.86182
38.06201
58.53064
54.407593
25.184204
21.873138
25.575388
19.871536
9.911462e6
1.1563372e7
1.1563372e7
98.823074
100.0
89.94615
100.0
100.0
123.08889
92.31539
99.707695
95.861565
97.33769
100.0
100.88617
99.14445
100.0
96.15385
98.22462
96.31427
93.37501
94.44223
99.14445
87.60335
83.13385
90.82692
70.939995
85.20463
89.05307
68.935394
97.63307
97.90182
104.26889
96.45
98.29001
93.49155
94.96923
98.71778
91.124626
93.490005
98.71778
91.12462
93.78539
99.14445
81.95232
98.600006
100.0
103.55002
97.04154
98.845
94.3754
98.81616
98.29001
100.51
91.024445
95.29556
77.80847
84.02232
87.57231
62.12693
95.001
93.19461
107.69231
86.98154
86.98077
102.36692
78.99462
85.79923
89.35159
82.27081
73.96399
62.89364
80.803
67.45538
53.3677
91.715385
83.72538
57.09692
91.715385
84.31769
61.240776
91.41846
85.20616
68.34155
91.123085
86.38847
79.70018
91.12385
89.93923
83.82582
93.78692
88.16539
88.19253
93.78692
88.88778
87.719536
91.13846
92.015396
80.7923
97.05384
99.70769
92.01538
97.34615
100.0
100.61539
97.05385
100.0
97.63845
97.638466
100.0
86.11539
97.93077
100.0
86.999985
84.61462
91.327
76.06051
92.6023
88.46155
89.62391
75.740776
79.881546
84.83002
28.000076
35.128
37.57467
88.46154
84.61539
87.399445
86.09462
84.61461
75.364746
71.30385
77.21923
68.0234
54.196373
69.23111
55.98222
30.176157
37.277695
26.92077
99.112305
98.519226
95.56155
23.371538
25.173634
25.558565
28.696922
24.955223
25.443846
31.064617
27.515385
29.880001
1.0e10
1.0e10
1.0e10
87.87
90.53231
93.49077
89.05385
85.206924
88.164604
88.75693
89.05155
80.47461
87.86692
88.75692
79.8823
86.98154
92.308464
88.032234
85.20616
90.82769
80.34445
61.537773
84.31693
60.12622
44.675385
43.193073
45.56077
86.09385
88.16461
87.606674
58.285393
76.92154
56.806915
40.23539
43.19692
39.34923
85.79692
90.23692
92.01077
63.83162
73.96538
69.82308
42.603077
49.70231
41.123077
83.27014
94.376915
92.01078
64.79307
72.48461
70.557434
49.99846
44.67308
47.041542
83.43078
90.23693
84.186676
73.50444
75.64111
56.408886
57.986927
52.36693
48.519234
89.742226
89.05231
82.2477
65.97846
74.55692
57.693073
52.659996
49.40769
44.970776
92.30555
91.12154
84.61615
69.82231
72.78154
59.78856
66.27308
66.862305
63.3123
76.33154
82.54231
72.78
71.99136
78.106926
67.34595
57.854897
59.60399
56.51077
82.543846
90.23461
75.73999
84.33846
94.477776
85.055565
45.85385
47.330772
36.092308
48.530777
41.438465
39.65385
91.14615
93.80769
74.292305
100.0
97.638466
88.49505
81.63333
86.33333
66.25556
21.788887
18.377779
18.377779
92.66923
93.71539
104.56923
95.81539
100.0
103.87694
75.192314
83.58462
67.830765
100.0
100.0
96.5077
98.3
98.28889
102.399994
83.73847
90.84616
72.61112
81.96154
88.76923
60.700005
80.19231
70.43846
47.053852
34.51553
32.030613
18.247238
33.048973
38.88979
19.383566
1303.6797
1759.75
857.2344
115.039246
139.1837
71.4249
73.86206
129.13672
71.08618
46.980225
127.78198
68.82764
47.40869
150.62402
64.90283
73.31836
187.0957
59.746094
183.6748
275.7627
57.083984
189.56152
280.61816
52.948242
0.00018982183
0.00038852612
0.00033531405
0.00015251018
0.00035199674
0.0002909343
1.0e10
1.0e10
1.0e10
0.0002025652
0.00033273333
0.0002883533
1.0e10
1.0e10
1.0e10
0.00030312227
0.00031675745
0.0003365181
80.78397
86.84633
56.7203
87.092514
87.07369
64.316345
84.62914
85.19571
67.15243
83.66106
81.870705
76.8591
68.21159
65.71658
50.140648
83.70091
84.4666
54.726845
10.748871
11.716064
4.3122864
9.264542
13.046371
5.941345
9.779633
14.840775
6.186737
10.754883
9.40271
3.5742493
35.629517
35.20105
24.591217
37.92955
35.60916
27.161377
38.073868
48.43889
32.733078
36.975464
33.360443
25.157593
24.091766
21.361694
16.926514
14.455261
16.0802
9.72403
28.595886
25.470673
18.908325
4007.7744
3525.2124
2776.0525
1630.6332
1328.768
877.99414
19.541739
26.217249
12.264366
450.65018
417.33987
327.6769
34.076694
38.649483
17.591602
22105.877
21788.738
17660.463
19343.287
19093.01
16761.707
19328.207
18354.953
14072.337
1.0
1.0
1.1541233
0.26530612
0.26530612
0.36734694
0.39344263
0.36065575
0.27868852
1.0
1.0
1.1697959
11.029284
14.097118
7.4777775
16.016003
17.138123
9.08419
18.105856
23.580853
14.770296
22.20612
21.996208
13.355101
23.032654
24.04082
15.438618
27.938955
35.17755
22.38631
42.71224
48.452713
30.118744
41.39825
43.00408
28.29676
70.31641
82.56555
33.03369
165.81934
197.72656
56.97754
64.17175
74.632324
32.358154
23.215668
26.349388
22.215923
4.897769e6
4.897769e6
4.144266e6
99.42766
99.922455
82.24417
100.0
100.0
115.473335
95.63111
98.28164
89.91474
96.62407
99.687485
95.9571
98.19469
98.665306
104.523315
99.05795
96.58089
96.03597
93.35225
97.37085
82.298325
92.98995
94.443085
81.63649
84.687515
87.838165
90.19217
97.56612
98.35163
102.305664
98.194695
97.12355
96.54532
97.723465
97.45825
86.571884
97.723465
98.60501
81.25694
98.50836
98.67476
78.1926
97.17407
100.0
94.36336
98.35165
99.29484
99.0218
98.71755
98.16826
95.72725
92.18333
98.692474
85.557785
90.5008
94.184715
88.3121
93.24815
93.819984
86.28992
85.44392
85.79225
81.71061
80.60017
86.9223
87.911446
76.34682
81.6718
74.64633
67.015816
67.749825
58.58792
76.863205
72.73913
56.65039
73.10418
75.84351
61.430935
80.298164
78.74473
62.870823
90.34531
81.18657
64.9594
92.700005
83.60539
67.34077
94.662025
87.4828
67.671104
95.211426
87.961754
67.22783
84.03571
87.25614
74.98932
93.0347
95.84898
89.75358
98.6579
97.88572
85.34491
98.99123
97.96327
81.789505
99.39474
98.04082
77.891846
99.4614
97.925514
76.976204
94.68426
97.560616
76.22796
97.880005
90.51722
72.50325
66.07436
69.38756
59.57049
18.602446
27.093777
21.123997
97.17388
93.58689
71.16632
94.50531
92.88016
71.94139
74.458496
78.67732
74.936066
49.363632
60.683548
43.9553
16.875713
28.803114
20.212185
99.79755
97.38128
86.82289
20.244894
18.714134
18.124353
21.374268
18.732582
18.203331
23.464417
23.924294
21.09895
1.0e10
1.0e10
1.0e10
80.642456
84.60374
68.16803
91.68377
84.035286
86.42
91.06591
85.11933
87.520195
94.318855
92.36235
81.71062
92.99669
96.23439
86.11948
90.48543
89.06789
89.46339
53.508423
76.112976
54.53681
30.89525
35.637264
36.558807
69.778564
73.39102
94.42734
49.659775
73.48104
50.371628
31.00408
33.973972
33.359795
68.91572
76.452255
96.151215
53.9807
65.486664
58.937733
39.903614
38.664215
36.579796
75.43121
79.04142
92.22859
63.893684
58.925346
55.6502
35.761932
35.903576
38.075912
76.840324
80.84693
88.69653
64.40085
78.63094
59.813343
36.758858
40.736183
38.52443
83.44534
77.34531
84.36304
62.246323
80.70692
61.537556
41.37241
37.109753
36.03159
82.32711
86.04068
80.70599
62.039577
64.37176
56.468502
56.607216
53.277702
49.871918
78.98889
84.36328
85.329865
64.1296
64.1152
57.49768
45.110317
44.53284
38.840656
88.05114
90.56083
88.81963
90.434364
92.64285
79.17668
21.009987
22.920408
20.161388
31.51803
25.918034
23.768848
90.932785
83.93769
84.92543
99.83111
96.8923
61.37375
62.327007
66.36531
53.335556
7.688889
9.735556
8.797778
88.21423
90.685165
73.13691
94.910194
94.81632
87.88558
77.99814
89.25507
74.88197
100.0
98.911255
84.06942
91.51376
96.95103
96.78979
75.25284
68.28084
53.119656
70.11755
60.265
48.64926
66.54036
56.366074
51.207207
27.344479
20.677889
18.249397
29.307838
12.161381
16.72525
22.152456
18.582174
20.884293
24.02715
14.450228
12.248862
30.672888
23.627392
21.16748
33.048664
13.695091
19.139584
24.591206
21.901686
23.879183
26.645092
16.151094
13.719057
51.762783
39.721508
40.351135
50.858047
19.417072
16.758469
39.342464
39.38434
37.730263
39.896187
20.49178
20.094671
43.41931
42.72912
36.6416
45.34763
15.321741
12.942273
35.159523
39.281876
33.60981
40.05745
16.668982
17.541422
40.114864
38.639114
32.11172
43.83963
14.944269
12.013537
33.514706
37.260025
32.364445
38.631836
17.302818
14.061191
40.114864
38.639114
32.11172
43.83963
14.944269
12.013537
33.514706
37.260025
32.364445
38.631836
17.302818
14.061191
35.777172
35.995174
41.892662
42.333057
23.217869
20.836946
50.298897
48.007954
56.51718
56.14965
30.556961
20.748308
28.327274
36.772915
38.801277
39.79413
17.18599
20.264498
46.511658
51.001186
48.8994
49.02811
28.004763
29.79739
48.884617
45.607693
104482.84
322.23077
1637.6693
3257.2463
4518.86
5983.3813
9814.639
11077.684
0.0008927777
0.0007641111
1.0e10
0.000716
1.0e10
0.0005388889
99.912224
99.87846
99.69771
98.28999
82.78846
99.90153
294.63077
281.9308
271.89166
248.87779
292.85385
284.37555
270.27
245.48776
317.69998
309.4
299.71555
5362.031
1907.5054
33.772312
619.32
72.75076
24056.32
20000.0
20000.1
1.0
0.6923077
0.61538464
1.0
19.955555
22.633333
39.68889
36.466667
42.607693
54.707687
78.48462
87.06154
1489.323
5976.424
1717.5077
39.379997
1.1563372e7
100.0
100.0
100.0
100.0
100.0
100.0
100.0
100.0
99.70385
100.0
100.0
100.0
100.0
100.0
100.0
100.0
100.0
100.0
100.0
100.0
100.0
100.0
98.520004
88.75923
98.81616
99.4077
99.4077
99.4077
99.70385
100.0
100.0
100.0
100.0
100.0
100.0
100.0
100.0
100.0
100.0
89.94153
43.589996
100.0
100.0
96.450005
76.92333
39.316666
100.0
32.84
31.952309
36.154995
1.0e10
99.70385
100.0
100.0
100.0
100.0
99.70385
88.16539
47.633076
92.89922
90.53231
47.63461
95.56154
79.58461
54.43846
96.449234
84.61616
50.590767
98.22385
92.60231
60.650772
99.14555
88.75846
55.915382
99.57223
85.50385
75.44307
99.40846
82.840775
60.947693
99.11154
100.0
47.330772
47.630764
99.70769
88.45556
60.67778
17.08889
100.0
100.0
100.0
100.0
100.0
91.73847
90.55385
86.98461
47.61053
43.21428
104336.16
319.707
1635.0656
3256.0833
4518.178
5982.859
9814.07
11076.999
0.00044820004
0.00041542228
1.0e10
0.0003858222
1.0e10
0.00034981355
99.8551
99.665955
98.839516
97.490845
81.774025
99.26441
294.37756
281.78165
271.56247
247.44891
291.85605
283.82358
269.51364
244.02135
316.78168
308.86734
299.4965
4935.755
1745.4246
33.12148
543.89233
70.16348
24056.332
20000.0
20000.113
1.0
0.26530612
0.26229507
1.0
18.533337
20.793335
36.27755
34.00816
41.589798
53.37143
75.786896
83.88071
1488.0
5972.596
1715.749
35.194386
4.897769e6
100.0
100.0
100.0
100.0
100.0
100.0
100.0
100.0
94.27
100.0
100.0
100.0
100.0
100.0
100.0
100.0
100.0
100.0
99.68593
100.0
100.0
99.68571
88.73105
78.63313
80.903854
83.73807
84.81771
92.56017
97.41358
99.05342
99.36901
94.12983
99.21836
99.932144
100.0
100.0
100.0
100.0
99.84285
78.02162
27.093777
99.921425
99.13612
86.04922
62.991554
28.803114
100.0
24.489386
26.720524
30.063883
1.0e10
94.60175
97.23279
99.86491
99.86491
99.21468
97.719986
80.90154
38.39852
75.980606
80.36402
35.321636
78.65021
70.565506
40.21632
83.987144
76.138794
40.149307
85.55714
85.32164
42.686882
84.615105
86.10819
45.71019
86.409775
67.47667
59.14163
90.14753
68.917145
47.48538
91.80311
98.59591
23.781633
23.570492
97.49017
83.077774
55.724445
9.564445
98.012276
99.2842
97.333336
100.0
100.0
76.10356
70.98421
58.971935
3.0
